Type,Date,Part of a policing operation,Policing operation,Latitude,Longitude,Gender,Age range,Self-defined ethnicity,Officer-defined ethnicity,Legislation,Object of search,Outcome,Outcome linked to object of search,Removal of more than just outer clothing
Person search,2022-11-01T00:15:00+00:00,False,,,,Male,over 34,White - English/Welsh/Scottish/Northern Irish/British,White,Police and Criminal Evidence Act 1984 (section 1),Offensive weapons,Arrest,True,False
Person search,2022-11-01T03:47:00+00:00,False,,52.609290,1.725149,Male,10-17,White - English/Welsh/Scottish/Northern Irish/British,White,Police and Criminal Evidence Act 1984 (section 1),Stolen goods,Arrest,False,False
Person search,2022-11-01T05:03:00+00:00,False,,52.606908,1.715358,Male,10-17,Other ethnic group - Not stated,White,Police and Criminal Evidence Act 1984 (section 1),Stolen goods,Arrest,False,False
Person search,2022-11-01T10:25:00+00:00,False,,52.636559,1.310368,Male,25-34,White - English/Welsh/Scottish/Northern Irish/British,White,Police and Criminal Evidence Act 1984 (section 1),Article for use in theft,Arrest,False,False
Person search,2022-11-01T12:20:00+00:00,False,,52.625918,1.280050,Male,over 34,White - English/Welsh/Scottish/Northern Irish/British,White,Police and Criminal Evidence Act 1984 (section 1),Stolen goods,Arrest,False,False
Person search,2022-11-01T13:30:00+00:00,False,,52.403629,0.734612,Male,25-34,White - English/Welsh/Scottish/Northern Irish/British,White,Misuse of Drugs Act 1971 (section 23),Controlled drugs,Arrest,True,False
Person search,2022-11-01T19:32:00+00:00,False,,52.757294,0.404774,Male,10-17,White - English/Welsh/Scottish/Northern Irish/British,White,Police and Criminal Evidence Act 1984 (section 1),Offensive weapons,A no further action disposal,False,False
Person search,2022-11-01T20:45:00+00:00,False,,52.753734,0.402102,Female,25-34,White - English/Welsh/Scottish/Northern Irish/British,White,Police and Criminal Evidence Act 1984 (section 1),Offensive weapons,A no further action disposal,False,False
Person search,2022-11-01T23:50:00+00:00,False,,52.747449,0.414485,Female,25-34,White - English/Welsh/Scottish/Northern Irish/British,White,Misuse of Drugs Act 1971 (section 23),Controlled drugs,A no further action disposal,True,False
Person search,2022-11-02T09:57:00+00:00,False,,54.938515,-3.244005,Male,over 34,White - Any other White background,White,Police and Criminal Evidence Act 1984 (section 1),Stolen goods,Arrest,True,False
Person search,2022-11-02T10:14:00+00:00,False,,52.615629,0.231177,Male,over 34,White - English/Welsh/Scottish/Northern Irish/British,White,Misuse of Drugs Act 1971 (section 23),Controlled drugs,Arrest,False,False
Person search,2022-11-02T10:53:00+00:00,False,,52.608444,1.731150,Male,18-24,Asian/Asian British - Any other Asian background,Other,Misuse of Drugs Act 1971 (section 23),Controlled drugs,A no further action disposal,False,False
Person search,2022-11-02T11:56:00+00:00,False,,52.620745,1.728695,Male,25-34,White - English/Welsh/Scottish/Northern Irish/British,White,Misuse of Drugs Act 1971 (section 23),Controlled drugs,A no further action disposal,False,False
Person search,2022-11-02T11:58:27+00:00,False,,52.620745,1.728695,Male,25-34,White - English/Welsh/Scottish/Northern Irish/British,White,Misuse of Drugs Act 1971 (section 23),Controlled drugs,A no further action disposal,False,False
Person search,2022-11-02T12:30:00+00:00,False,,52.629069,1.292894,Male,over 34,Other ethnic group - Not stated,Asian,Misuse of Drugs Act 1971 (section 23),Controlled drugs,A no further action disposal,False,False
Person search,2022-11-02T12:55:00+00:00,False,,52.629047,1.311102,Male,18-24,Other ethnic group - Not stated,Black,Misuse of Drugs Act 1971 (section 23),Controlled drugs,Arrest,False,False
Person search,2022-11-02T13:25:00+00:00,False,,52.594926,0.394320,Male,over 34,White - English/Welsh/Scottish/Northern Irish/British,White,Misuse of Drugs Act 1971 (section 23),Controlled drugs,Arrest,True,False
Person search,2022-11-02T13:28:00+00:00,False,,52.747870,0.403513,Female,25-34,White - English/Welsh/Scottish/Northern Irish/British,White,Misuse of Drugs Act 1971 (section 23),Controlled drugs,Khat or Cannabis warning,True,False
Person search,2022-11-02T13:50:00+00:00,False,,52.613554,1.718818,Female,25-34,White - English/Welsh/Scottish/Northern Irish/British,White,Police and Criminal Evidence Act 1984 (section 1),Stolen goods,Community resolution,False,False
Person search,2022-11-02T14:00:00+00:00,False,,52.627613,1.296030,Male,25-34,Black/African/Caribbean/Black British - African,,Misuse of Drugs Act 1971 (section 23),Controlled drugs,A no further action disposal,False,False
Person search,2022-11-02T15:18:00+00:00,False,,52.931503,0.486533,Male,25-34,White - English/Welsh/Scottish/Northern Irish/British,White,Misuse of Drugs Act 1971 (section 23),Controlled drugs,A no further action disposal,False,False
Person search,2022-11-02T15:30:00+00:00,False,,52.657613,1.285501,Male,over 34,Other ethnic group - Not stated,Asian,Misuse of Drugs Act 1971 (section 23),Controlled drugs,Arrest,True,False
Person search,2022-11-02T16:00:00+00:00,False,,52.607867,1.724615,Male,18-24,White - Any other White background,White,Misuse of Drugs Act 1971 (section 23),Controlled drugs,A no further action disposal,False,False
Person search,2022-11-02T16:15:00+00:00,False,,52.742342,0.410928,Male,10-17,White - English/Welsh/Scottish/Northern Irish/British,White,Police and Criminal Evidence Act 1984 (section 1),Article for use in theft,Arrest,False,False
Person search,2022-11-02T18:45:00+00:00,False,,52.414392,0.752882,Male,25-34,White - English/Welsh/Scottish/Northern Irish/British,White,Misuse of Drugs Act 1971 (section 23),Controlled drugs,Arrest,True,False
Person search,2022-11-02T23:36:00+00:00,False,,52.629069,1.292894,Male,over 34,White - English/Welsh/Scottish/Northern Irish/British,White,Police and Criminal Evidence Act 1984 (section 1),Offensive weapons,A no further action disposal,False,False
Person search,2022-11-03T00:01:00+00:00,False,,52.746501,0.406728,Male,18-24,White - Any other White background,White,Misuse of Drugs Act 1971 (section 23),Controlled drugs,A no further action disposal,True,False
Person search,2022-11-03T00:10:00+00:00,False,,52.628216,1.307344,Male,18-24,Other ethnic group - Not stated,White,Police and Criminal Evidence Act 1984 (section 1),Offensive weapons,A no further action disposal,False,False
Person search,2022-11-03T00:12:00+00:00,False,,52.623199,1.306393,Male,18-24,White - English/Welsh/Scottish/Northern Irish/British,White,Misuse of Drugs Act 1971 (section 23),Controlled drugs,A no further action disposal,True,False
Person search,2022-11-03T02:17:00+00:00,False,,52.622753,1.311675,Male,over 34,White - English/Welsh/Scottish/Northern Irish/British,White,Police and Criminal Evidence Act 1984 (section 1),Article for use in theft,A no further action disposal,False,False
Person search,2022-11-03T03:52:00+00:00,False,,52.406089,0.739852,Male,25-34,White - English/Welsh/Scottish/Northern Irish/British,White,Misuse of Drugs Act 1971 (section 23),Controlled drugs,A no further action disposal,True,False
Person search,2022-11-03T13:50:00+00:00,False,,54.952349,-3.218870,Male,over 34,Other ethnic group - Not stated,Other,Misuse of Drugs Act 1971 (section 23),Controlled drugs,Arrest,True,False
Person search,2022-11-03T13:50:00+00:00,False,,52.721297,0.382712,Male,over 34,Other ethnic group - Not stated,Other,Misuse of Drugs Act 1971 (section 23),Controlled drugs,Arrest,True,False
Person search,2022-11-03T18:15:00+00:00,False,,52.626797,1.306306,Male,25-34,White - English/Welsh/Scottish/Northern Irish/British,White,Misuse of Drugs Act 1971 (section 23),Controlled drugs,A no further action disposal,True,False
Person search,2022-11-03T20:31:00+00:00,False,,52.625926,1.311088,Male,over 34,White - English/Welsh/Scottish/Northern Irish/British,White,Police and Criminal Evidence Act 1984 (section 1),Article for use in theft,A no further action disposal,False,False
Person search,2022-11-03T21:30:00+00:00,False,,52.674410,0.940792,Male,25-34,White - Any other White background,Other,Misuse of Drugs Act 1971 (section 23),Controlled drugs,A no further action disposal,True,True
Person search,2022-11-03T21:55:00+00:00,False,,52.606210,1.722391,Male,over 34,White - English/Welsh/Scottish/Northern Irish/British,White,Misuse of Drugs Act 1971 (section 23),Controlled drugs,Community resolution,True,False
Person search,2022-11-03T23:41:00+00:00,False,,52.756758,0.399275,Male,25-34,White - English/Welsh/Scottish/Northern Irish/British,White,Misuse of Drugs Act 1971 (section 23),Controlled drugs,A no further action disposal,False,False
Person search,2022-11-04T00:03:00+00:00,False,,52.748552,0.402232,Male,over 34,White - English/Welsh/Scottish/Northern Irish/British,,Police and Criminal Evidence Act 1984 (section 1),Article for use in theft,A no further action disposal,False,False
Person search,2022-11-04T00:05:00+00:00,False,,52.746459,0.402132,Male,over 34,White - English/Welsh/Scottish/Northern Irish/British,White,Misuse of Drugs Act 1971 (section 23),Controlled drugs,A no further action disposal,False,False
Person search,2022-11-04T00:15:00+00:00,False,,52.750902,0.427257,Male,25-34,White - English/Welsh/Scottish/Northern Irish/British,White,Misuse of Drugs Act 1971 (section 23),Controlled drugs,A no further action disposal,False,False
Person search,2022-11-04T06:55:00+00:00,False,,52.636813,1.279905,Male,over 34,White - English/Welsh/Scottish/Northern Irish/British,White,Misuse of Drugs Act 1971 (section 23),Controlled drugs,A no further action disposal,False,False
Person search,2022-11-04T17:45:00+00:00,False,,52.510078,1.000742,Male,over 34,White - English/Welsh/Scottish/Northern Irish/British,White,Misuse of Drugs Act 1971 (section 23),Controlled drugs,A no further action disposal,False,False
Person search,2022-11-04T17:45:00+00:00,False,,52.507363,0.999673,Male,over 34,White - English/Welsh/Scottish/Northern Irish/British,White,Misuse of Drugs Act 1971 (section 23),Controlled drugs,A no further action disposal,True,False
Person search,2022-11-04T18:30:00+00:00,False,,52.754049,0.406936,Female,25-34,White - English/Welsh/Scottish/Northern Irish/British,White,Police and Criminal Evidence Act 1984 (section 1),Stolen goods,A no further action disposal,False,False
Person search,2022-11-04T18:49:00+00:00,False,,52.422510,0.769907,Male,over 34,White - Any other White background,White,Police and Criminal Evidence Act 1984 (section 1),Article for use in theft,Summons / charged by post,False,False
Person search,2022-11-04T20:25:00+00:00,False,,52.629047,1.311102,Male,,Other ethnic group - Not stated,Black,Misuse of Drugs Act 1971 (section 23),Controlled drugs,A no further action disposal,False,False
Person search,2022-11-04T21:19:00+00:00,False,,52.845004,0.501487,Female,over 34,Other ethnic group - Not stated,White,Misuse of Drugs Act 1971 (section 23),Controlled drugs,Arrest,True,False
Person search,2022-11-04T21:28:00+00:00,False,,,,Male,18-24,White - English/Welsh/Scottish/Northern Irish/British,White,Police and Criminal Evidence Act 1984 (section 1),Article for use in theft,Arrest,False,False
Person search,2022-11-04T21:30:00+00:00,False,,52.628157,1.287859,Male,18-24,White - English/Welsh/Scottish/Northern Irish/British,White,Misuse of Drugs Act 1971 (section 23),Controlled drugs,A no further action disposal,True,False
Person search,2022-11-04T21:30:00+00:00,False,,52.628157,1.287859,Male,25-34,White - English/Welsh/Scottish/Northern Irish/British,White,Misuse of Drugs Act 1971 (section 23),Controlled drugs,Community resolution,True,False
Person search,2022-11-04T21:30:00+00:00,False,,52.628157,1.287859,Male,10-17,White - English/Welsh/Scottish/Northern Irish/British,White,Misuse of Drugs Act 1971 (section 23),Controlled drugs,A no further action disposal,False,False
Person search,2022-11-04T22:15:00+00:00,False,,52.828587,1.399174,Male,over 34,Other ethnic group - Not stated,White,Misuse of Drugs Act 1971 (section 23),Controlled drugs,A no further action disposal,False,False
Person search,2022-11-04T22:15:00+00:00,False,,52.828587,1.399174,Male,18-24,Other ethnic group - Not stated,White,Misuse of Drugs Act 1971 (section 23),Controlled drugs,Arrest,False,False
Person search,2022-11-04T23:02:00+00:00,False,,52.629245,1.301095,Male,,White - English/Welsh/Scottish/Northern Irish/British,White,Police and Criminal Evidence Act 1984 (section 1),Article for use in theft,A no further action disposal,False,False
Person search,2022-11-04T23:03:00+00:00,False,,52.629213,1.298373,Male,18-24,Other ethnic group - Not stated,White,Police and Criminal Evidence Act 1984 (section 1),Offensive weapons,A no further action disposal,False,False
Person search,2022-11-04T23:20:00+00:00,False,,52.756177,0.394234,Female,18-24,White - English/Welsh/Scottish/Northern Irish/British,White,Misuse of Drugs Act 1971 (section 23),Controlled drugs,A no further action disposal,False,False
Person search,2022-11-04T23:24:00+00:00,False,,52.756177,0.394234,Male,over 34,White - English/Welsh/Scottish/Northern Irish/British,White,Misuse of Drugs Act 1971 (section 23),Controlled drugs,A no further action disposal,False,False
Person search,2022-11-04T23:30:00+00:00,False,,52.635057,1.241147,Male,18-24,Other ethnic group - Not stated,White,Police and Criminal Evidence Act 1984 (section 1),Offensive weapons,Arrest,True,False
Person search,2022-11-05T00:30:00+00:00,False,,52.751891,0.399408,Female,18-24,White - Any other White background,White,Misuse of Drugs Act 1971 (section 23),Controlled drugs,A no further action disposal,False,False
Person search,2022-11-05T00:35:00+00:00,False,,52.755475,0.398286,Female,18-24,White - Any other White background,White,Misuse of Drugs Act 1971 (section 23),Controlled drugs,A no further action disposal,True,False
Person search,2022-11-05T00:39:00+00:00,False,,52.520147,1.167097,Male,18-24,White - English/Welsh/Scottish/Northern Irish/British,White,Police and Criminal Evidence Act 1984 (section 1),Offensive weapons,A no further action disposal,True,False
Person search,2022-11-05T01:30:00+00:00,False,,52.629213,1.298373,Male,25-34,White - English/Welsh/Scottish/Northern Irish/British,White,Police and Criminal Evidence Act 1984 (section 1),Offensive weapons,A no further action disposal,False,False
Person search,2022-11-05T02:35:00+00:00,False,,52.629109,1.303406,Male,over 34,Other ethnic group - Not stated,White,Misuse of Drugs Act 1971 (section 23),Controlled drugs,Community resolution,False,False
Person search,2022-11-05T03:30:00+00:00,False,,52.630884,1.244770,Male,over 34,White - Any other White background,White,Police and Criminal Evidence Act 1984 (section 1),Article for use in theft,A no further action disposal,False,False
Person search,2022-11-05T10:25:00+00:00,False,,,,Male,10-17,White - English/Welsh/Scottish/Northern Irish/British,White,Misuse of Drugs Act 1971 (section 23),Controlled drugs,Community resolution,True,False
Person search,2022-11-05T14:00:00+00:00,False,,52.767842,0.420194,Male,over 34,White - Any other White background,White,Police and Criminal Evidence Act 1984 (section 1),Article for use in theft,A no further action disposal,False,False
Person search,2022-11-05T14:00:00+00:00,False,,52.767842,0.420194,Male,25-34,White - Any other White background,White,Police and Criminal Evidence Act 1984 (section 1),Article for use in theft,A no further action disposal,False,False
Person search,2022-11-05T14:30:00+00:00,False,,52.767842,0.420194,Male,over 34,White - Any other White background,White,Police and Criminal Evidence Act 1984 (section 1),Stolen goods,Community resolution,False,False
Person search,2022-11-05T15:19:00+00:00,False,,52.750051,0.407234,Male,10-17,Other ethnic group - Any other ethnic group,Black,Police and Criminal Evidence Act 1984 (section 1),Article for use in theft,A no further action disposal,False,False
Person search,2022-11-05T15:25:00+00:00,False,,52.631290,1.315159,Male,over 34,White - Any other White background,White,Misuse of Drugs Act 1971 (section 23),Controlled drugs,A no further action disposal,False,False
Person search,2022-11-05T15:30:00+00:00,False,,52.774372,0.449024,Male,over 34,Other ethnic group - Not stated,,Misuse of Drugs Act 1971 (section 23),Controlled drugs,A no further action disposal,False,False
Person search,2022-11-05T15:31:00+00:00,False,,52.615387,1.719180,Male,over 34,White - English/Welsh/Scottish/Northern Irish/British,White,Misuse of Drugs Act 1971 (section 23),Controlled drugs,Arrest,True,False
Person search,2022-11-05T20:00:00+00:00,False,,52.754049,0.406936,Male,25-34,Other ethnic group - Not stated,White,Police and Criminal Evidence Act 1984 (section 1),Articles for use in criminal damage,Community resolution,False,False
Person search,2022-11-05T20:50:00+00:00,False,,52.634757,1.307897,Male,over 34,Black/African/Caribbean/Black British - African,Black,Misuse of Drugs Act 1971 (section 23),Controlled drugs,Community resolution,False,False
Person search,2022-11-05T23:29:00+00:00,False,,,,Male,25-34,White - English/Welsh/Scottish/Northern Irish/British,White,Misuse of Drugs Act 1971 (section 23),Controlled drugs,Arrest,True,False
Person search,2022-11-06T00:26:00+00:00,False,,52.608150,1.734745,Male,over 34,White - Any other White background,White,Misuse of Drugs Act 1971 (section 23),Controlled drugs,Community resolution,False,False
Person search,2022-11-06T02:35:00+00:00,False,,52.626679,1.281792,Male,over 34,White - English/Welsh/Scottish/Northern Irish/British,White,Misuse of Drugs Act 1971 (section 23),Controlled drugs,Caution (simple or conditional),True,False
Person search,2022-11-06T03:45:00+00:00,False,,52.628421,1.295166,Male,10-17,White - English/Welsh/Scottish/Northern Irish/British,White,Misuse of Drugs Act 1971 (section 23),Controlled drugs,A no further action disposal,False,False
Person search,2022-11-06T06:31:00+00:00,False,,52.630425,1.298450,Male,25-34,White - English/Welsh/Scottish/Northern Irish/British,White,Misuse of Drugs Act 1971 (section 23),Controlled drugs,Arrest,True,False
Person search,2022-11-06T13:50:00+00:00,False,,52.059980,1.173917,Male,over 34,White - Any other White background,Other,Police and Criminal Evidence Act 1984 (section 1),Offensive weapons,A no further action disposal,False,False
Person search,2022-11-06T18:55:00+00:00,False,,52.663599,1.608729,Male,over 34,White - English/Welsh/Scottish/Northern Irish/British,White,Misuse of Drugs Act 1971 (section 23),Controlled drugs,A no further action disposal,False,False
Person search,2022-11-06T23:36:00+00:00,False,,52.646443,0.695914,Male,25-34,Black/African/Caribbean/Black British - African,Black,Misuse of Drugs Act 1971 (section 23),Controlled drugs,Arrest,False,False
Person search,2022-11-07T15:17:00+00:00,False,,,,Male,over 34,White - Any other White background,White,Police and Criminal Evidence Act 1984 (section 1),Offensive weapons,A no further action disposal,False,False
Person search,2022-11-07T20:27:00+00:00,False,,52.940254,1.212719,Female,25-34,White - English/Welsh/Scottish/Northern Irish/British,White,Misuse of Drugs Act 1971 (section 23),Controlled drugs,Community resolution,False,False
Person search,2022-11-07T20:27:00+00:00,False,,52.940254,1.212719,Male,18-24,White - English/Welsh/Scottish/Northern Irish/British,White,Misuse of Drugs Act 1971 (section 23),Controlled drugs,Community resolution,False,False
Person search,2022-11-07T20:27:00+00:00,False,,52.940254,1.212719,Female,18-24,White - English/Welsh/Scottish/Northern Irish/British,White,Misuse of Drugs Act 1971 (section 23),Controlled drugs,Community resolution,False,False
Person search,2022-11-07T20:39:00+00:00,False,,52.602046,1.736929,Male,18-24,White - Any other White background,White,Police and Criminal Evidence Act 1984 (section 1),Offensive weapons,A no further action disposal,False,False
Person search,2022-11-08T01:30:00+00:00,False,,52.743373,0.403992,Male,18-24,Other ethnic group - Not stated,White,Misuse of Drugs Act 1971 (section 23),Controlled drugs,A no further action disposal,False,False
Person search,2022-11-08T10:07:00+00:00,False,,52.626738,1.344906,Male,25-34,Mixed/Multiple ethnic groups - Any other Mixed/Multiple ethnic background,Other,Police and Criminal Evidence Act 1984 (section 1),Offensive weapons,Arrest,True,False
Person search,2022-11-08T10:15:00+00:00,False,,52.635178,1.339667,Male,over 34,Other ethnic group - Not stated,White,Police and Criminal Evidence Act 1984 (section 1),Stolen goods,Arrest,True,False
Person search,2022-11-08T11:00:00+00:00,False,,52.418547,0.735433,Male,25-34,Other ethnic group - Not stated,White,Misuse of Drugs Act 1971 (section 23),Controlled drugs,A no further action disposal,False,False
Person search,2022-11-08T11:22:00+00:00,False,,52.599961,0.221405,Male,18-24,White - Any other White background,White,Misuse of Drugs Act 1971 (section 23),Controlled drugs,Community resolution,True,False
Person search,2022-11-08T14:40:00+00:00,False,,52.608340,0.232903,Male,25-34,White - English/Welsh/Scottish/Northern Irish/British,White,Police and Criminal Evidence Act 1984 (section 1),Article for use in theft,A no further action disposal,False,False
Person search,2022-11-08T14:45:00+00:00,False,,52.637894,1.292182,Male,25-34,Other ethnic group - Not stated,White,Police and Criminal Evidence Act 1984 (section 1),Article for use in theft,A no further action disposal,False,False
Person search,2022-11-08T15:40:00+00:00,False,,52.616827,0.232493,Male,25-34,Other ethnic group - Not stated,White,Misuse of Drugs Act 1971 (section 23),Controlled drugs,Arrest,True,False
Person search,2022-11-08T15:40:00+00:00,False,,52.616827,0.232493,Male,25-34,White - English/Welsh/Scottish/Northern Irish/British,White,Misuse of Drugs Act 1971 (section 23),Controlled drugs,Arrest,True,False
Person search,2022-11-08T17:15:00+00:00,False,,52.680533,0.937179,Male,10-17,White - English/Welsh/Scottish/Northern Irish/British,White,Misuse of Drugs Act 1971 (section 23),Controlled drugs,A no further action disposal,False,False
Person search,2022-11-09T13:00:00+00:00,False,,52.594801,1.275789,Male,25-34,Other ethnic group - Not stated,White,Misuse of Drugs Act 1971 (section 23),Controlled drugs,Community resolution,True,False
Person search,2022-11-09T13:00:00+00:00,False,,52.594801,1.275789,Female,18-24,Other ethnic group - Not stated,White,Misuse of Drugs Act 1971 (section 23),Controlled drugs,A no further action disposal,True,False
Person search,2022-11-09T14:15:00+00:00,False,,52.623678,1.306588,Male,18-24,White - English/Welsh/Scottish/Northern Irish/British,White,Misuse of Drugs Act 1971 (section 23),Controlled drugs,A no further action disposal,False,False
Person search,2022-11-09T14:15:00+00:00,False,,52.623678,1.306588,Male,18-24,White - English/Welsh/Scottish/Northern Irish/British,White,Misuse of Drugs Act 1971 (section 23),Controlled drugs,A no further action disposal,False,False
Person search,2022-11-10T10:23:00+00:00,False,,52.755213,0.406319,Male,over 34,Other ethnic group - Not stated,White,Police and Criminal Evidence Act 1984 (section 1),Article for use in theft,A no further action disposal,False,False
Person search,2022-11-10T10:30:00+00:00,False,,52.750286,0.408522,Male,25-34,Other ethnic group - Not stated,White,Misuse of Drugs Act 1971 (section 23),Controlled drugs,A no further action disposal,True,False
Person search,2022-11-10T11:00:00+00:00,False,,52.750286,0.408522,Female,18-24,White - English/Welsh/Scottish/Northern Irish/British,White,Misuse of Drugs Act 1971 (section 23),Controlled drugs,A no further action disposal,False,False
Person search,2022-11-10T11:36:00+00:00,False,,52.750286,0.408522,Male,25-34,White - English/Welsh/Scottish/Northern Irish/British,White,Misuse of Drugs Act 1971 (section 23),Controlled drugs,A no further action disposal,False,False
Person search,2022-11-10T16:00:00+00:00,False,,52.629674,1.289569,Male,over 34,Other ethnic group - Not stated,White,Misuse of Drugs Act 1971 (section 23),Controlled drugs,A no further action disposal,False,False
Person search,2022-11-10T16:35:00+00:00,False,,52.601675,0.381588,Male,10-17,White - English/Welsh/Scottish/Northern Irish/British,White,Misuse of Drugs Act 1971 (section 23),Controlled drugs,A no further action disposal,True,False
Person search,2022-11-10T16:45:00+00:00,False,,52.628095,1.302679,Female,25-34,White - English/Welsh/Scottish/Northern Irish/British,White,Misuse of Drugs Act 1971 (section 23),Controlled drugs,Arrest,True,False
Person search,2022-11-10T16:45:00+00:00,False,,52.628095,1.302679,Male,over 34,White - English/Welsh/Scottish/Northern Irish/British,White,Misuse of Drugs Act 1971 (section 23),Controlled drugs,Arrest,True,False
Person search,2022-11-10T18:25:00+00:00,False,,52.561980,0.389426,Male,25-34,Other ethnic group - Not stated,Other,Misuse of Drugs Act 1971 (section 23),Controlled drugs,Arrest,True,False
Person search,2022-11-10T19:30:00+00:00,False,,52.626970,1.292367,Female,10-17,White - Any other White background,White,Police and Criminal Evidence Act 1984 (section 1),Article for use in theft,A no further action disposal,True,False
Person search,2022-11-10T19:30:00+00:00,False,,52.626970,1.292367,Female,10-17,White - Any other White background,White,Police and Criminal Evidence Act 1984 (section 1),Article for use in theft,A no further action disposal,True,False
Person search,2022-11-11T02:29:00+00:00,False,,52.609209,1.735412,Male,18-24,White - English/Welsh/Scottish/Northern Irish/British,White,Police and Criminal Evidence Act 1984 (section 1),Articles for use in criminal damage,A no further action disposal,False,False
Person search,2022-11-11T12:00:00+00:00,False,,52.754164,0.399518,Male,10-17,White - English/Welsh/Scottish/Northern Irish/British,White,Misuse of Drugs Act 1971 (section 23),Controlled drugs,A no further action disposal,False,False
Person search,2022-11-11T13:40:00+00:00,False,,52.627613,1.296030,Male,10-17,White - English/Welsh/Scottish/Northern Irish/British,White,Misuse of Drugs Act 1971 (section 23),Controlled drugs,A no further action disposal,False,False
Person search,2022-11-11T14:54:00+00:00,False,,52.592708,1.720994,Male,over 34,White - English/Welsh/Scottish/Northern Irish/British,Other,Police and Criminal Evidence Act 1984 (section 1),Stolen goods,A no further action disposal,False,False
Person search,2022-11-11T17:30:00+00:00,False,,52.628943,1.286750,Male,18-24,White - English/Welsh/Scottish/Northern Irish/British,White,Misuse of Drugs Act 1971 (section 23),Controlled drugs,Summons / charged by post,True,False
Person search,2022-11-11T18:42:00+00:00,False,,52.746119,0.400691,Male,over 34,Other ethnic group - Not stated,White,Police and Criminal Evidence Act 1984 (section 1),Stolen goods,A no further action disposal,False,False
Person search,2022-11-11T18:56:00+00:00,False,,52.578564,1.719972,Male,18-24,White - English/Welsh/Scottish/Northern Irish/British,White,Misuse of Drugs Act 1971 (section 23),Controlled drugs,A no further action disposal,False,False
Person search,2022-11-11T20:45:00+00:00,False,,52.743472,0.400456,Male,18-24,White - English/Welsh/Scottish/Northern Irish/British,White,Misuse of Drugs Act 1971 (section 23),Controlled drugs,A no further action disposal,False,False
Person search,2022-11-11T21:30:00+00:00,False,,52.687392,0.929648,Male,25-34,White - English/Welsh/Scottish/Northern Irish/British,White,Misuse of Drugs Act 1971 (section 23),Controlled drugs,A no further action disposal,True,False
Person search,2022-11-11T21:40:00+00:00,False,,52.409203,0.745530,Male,over 34,White - Any other White background,White,Misuse of Drugs Act 1971 (section 23),Controlled drugs,A no further action disposal,False,False
Person search,2022-11-11T22:49:00+00:00,False,,52.603201,0.365588,Female,25-34,White - English/Welsh/Scottish/Northern Irish/British,White,Misuse of Drugs Act 1971 (section 23),Controlled drugs,Arrest,True,False
Person search,2022-11-12T01:16:00+00:00,False,,52.414274,0.747125,Male,18-24,Other ethnic group - Not stated,Other,Police and Criminal Evidence Act 1984 (section 1),Offensive weapons,Arrest,False,False
Person search,2022-11-12T02:15:00+00:00,False,,52.746119,0.400691,Male,over 34,White - English/Welsh/Scottish/Northern Irish/British,White,Misuse of Drugs Act 1971 (section 23),Controlled drugs,A no further action disposal,False,False
Person search,2022-11-12T03:17:00+00:00,False,,52.413380,0.745363,Male,10-17,White - English/Welsh/Scottish/Northern Irish/British,White,Police and Criminal Evidence Act 1984 (section 1),Offensive weapons,A no further action disposal,False,False
Person search,2022-11-12T03:30:00+00:00,False,,52.627613,1.296030,Male,10-17,White - English/Welsh/Scottish/Northern Irish/British,White,Misuse of Drugs Act 1971 (section 23),Offensive weapons,A no further action disposal,True,False
Person search,2022-11-12T03:57:00+00:00,False,,52.572015,1.728304,Male,18-24,White - English/Welsh/Scottish/Northern Irish/British,White,Police and Criminal Evidence Act 1984 (section 1),Article for use in theft,A no further action disposal,False,False
Person search,2022-11-12T11:15:00+00:00,False,,52.624542,1.313628,Male,over 34,Other ethnic group - Not stated,Black,Misuse of Drugs Act 1971 (section 23),Controlled drugs,A no further action disposal,True,False
Person search,2022-11-12T14:00:00+00:00,False,,52.647152,1.282646,Male,25-34,White - English/Welsh/Scottish/Northern Irish/British,White,Misuse of Drugs Act 1971 (section 23),Controlled drugs,Arrest,True,False
Person search,2022-11-12T16:18:00+00:00,False,,52.695853,0.569333,Male,25-34,White - Any other White background,White,Misuse of Drugs Act 1971 (section 23),Controlled drugs,Arrest,True,False
Person search,2022-11-12T18:43:00+00:00,False,,52.576003,1.135769,Male,25-34,White - English/Welsh/Scottish/Northern Irish/British,White,Misuse of Drugs Act 1971 (section 23),Controlled drugs,Arrest,True,False
Person search,2022-11-12T19:21:00+00:00,False,,52.373725,1.099927,Female,18-24,White - English/Welsh/Scottish/Northern Irish/British,White,Misuse of Drugs Act 1971 (section 23),Controlled drugs,A no further action disposal,False,False
Person search,2022-11-12T22:20:00+00:00,False,,52.409203,0.745530,Male,over 34,White - Any other White background,White,Misuse of Drugs Act 1971 (section 23),Controlled drugs,A no further action disposal,True,False
Person search,2022-11-12T23:52:00+00:00,False,,52.629245,1.301095,Male,18-24,White - English/Welsh/Scottish/Northern Irish/British,White,Police and Criminal Evidence Act 1984 (section 1),Offensive weapons,A no further action disposal,False,False
Person search,2022-11-12T23:58:00+00:00,False,,52.629245,1.301095,Male,18-24,White - English/Welsh/Scottish/Northern Irish/British,White,Police and Criminal Evidence Act 1984 (section 1),Offensive weapons,A no further action disposal,False,False
Person search,2022-11-13T00:00:00+00:00,False,,52.628791,1.299967,Male,18-24,White - English/Welsh/Scottish/Northern Irish/British,White,Police and Criminal Evidence Act 1984 (section 1),Offensive weapons,A no further action disposal,False,False
Person search,2022-11-13T00:04:00+00:00,False,,52.628791,1.299967,Male,18-24,White - English/Welsh/Scottish/Northern Irish/British,White,Police and Criminal Evidence Act 1984 (section 1),Offensive weapons,A no further action disposal,False,False
Person search,2022-11-13T00:56:00+00:00,False,,52.628791,1.299967,Male,18-24,White - English/Welsh/Scottish/Northern Irish/British,White,Police and Criminal Evidence Act 1984 (section 1),Offensive weapons,A no further action disposal,False,False
Person search,2022-11-13T04:10:00+00:00,False,,52.629245,1.301095,Male,18-24,White - English/Welsh/Scottish/Northern Irish/British,White,Misuse of Drugs Act 1971 (section 23),Controlled drugs,A no further action disposal,False,False
Person search,2022-11-13T12:02:00+00:00,False,,52.626269,1.306236,Male,over 34,White - English/Welsh/Scottish/Northern Irish/British,White,Police and Criminal Evidence Act 1984 (section 1),Offensive weapons,A no further action disposal,True,False
Person search,2022-11-13T15:19:00+00:00,False,,52.515853,1.010969,Male,18-24,Other ethnic group - Not stated,White,Misuse of Drugs Act 1971 (section 23),Controlled drugs,A no further action disposal,True,False
Person search,2022-11-13T15:43:00+00:00,False,,52.746009,0.404833,Male,over 34,White - English/Welsh/Scottish/Northern Irish/British,White,Misuse of Drugs Act 1971 (section 23),Controlled drugs,A no further action disposal,False,False
Person search,2022-11-13T16:56:00+00:00,False,,52.746009,0.404833,Female,over 34,White - English/Welsh/Scottish/Northern Irish/British,White,Misuse of Drugs Act 1971 (section 23),Controlled drugs,Community resolution,True,False
Person search,2022-11-13T18:10:00+00:00,False,,52.632884,1.292500,Male,18-24,,Other,Misuse of Drugs Act 1971 (section 23),Controlled drugs,Community resolution,True,False
Person search,2022-11-13T18:20:00+00:00,False,,54.952349,-3.218870,Male,10-17,White - English/Welsh/Scottish/Northern Irish/British,White,Misuse of Drugs Act 1971 (section 23),Controlled drugs,A no further action disposal,True,False
Person search,2022-11-13T23:12:00+00:00,False,,52.621692,1.250030,Female,18-24,Other ethnic group - Not stated,Asian,Police and Criminal Evidence Act 1984 (section 1),Offensive weapons,Arrest,True,False
Person search,2022-11-14T00:57:00+00:00,False,,52.746459,0.402132,Female,over 34,White - English/Welsh/Scottish/Northern Irish/British,White,Misuse of Drugs Act 1971 (section 23),Controlled drugs,A no further action disposal,False,False
Person search,2022-11-14T01:07:00+00:00,False,,52.629245,1.301095,Male,over 34,White - English/Welsh/Scottish/Northern Irish/British,White,Misuse of Drugs Act 1971 (section 23),Controlled drugs,A no further action disposal,False,False
Person search,2022-11-14T03:20:00+00:00,False,,52.411251,0.747172,Male,10-17,White - English/Welsh/Scottish/Northern Irish/British,White,Police and Criminal Evidence Act 1984 (section 6),Article for use in theft,Arrest,False,False
Person search,2022-11-14T03:20:00+00:00,False,,52.411251,0.747172,Female,10-17,White - Any other White background,White,Police and Criminal Evidence Act 1984 (section 1),Article for use in theft,Arrest,False,False
Person search,2022-11-14T03:20:00+00:00,False,,52.410123,0.748117,Female,10-17,White - Any other White background,White,Police and Criminal Evidence Act 1984 (section 1),Article for use in theft,Arrest,False,False
Person search,2022-11-14T07:21:00+00:00,False,,52.411251,0.747172,Female,10-17,White - English/Welsh/Scottish/Northern Irish/British,White,Police and Criminal Evidence Act 1984 (section 1),Article for use in theft,Arrest,False,False
Person search,2022-11-14T11:44:00+00:00,False,,52.621019,1.310318,Male,over 34,White - English/Welsh/Scottish/Northern Irish/British,White,Police and Criminal Evidence Act 1984 (section 1),Article for use in theft,Arrest,False,False
Person search,2022-11-14T11:44:00+00:00,False,,52.621019,1.310318,Female,over 34,White - English/Welsh/Scottish/Northern Irish/British,White,Police and Criminal Evidence Act 1984 (section 1),Article for use in theft,A no further action disposal,False,False
Person search,2022-11-14T18:05:00+00:00,False,,52.626970,1.292367,Male,10-17,White - Any other White background,White,Misuse of Drugs Act 1971 (section 23),Controlled drugs,A no further action disposal,False,False
Person search,2022-11-14T18:05:00+00:00,False,,52.626970,1.292367,Male,10-17,Black/African/Caribbean/Black British - Caribbean,Black,Misuse of Drugs Act 1971 (section 23),Controlled drugs,A no further action disposal,False,False
Person search,2022-11-14T23:15:00+00:00,False,,52.777238,1.404319,Male,25-34,White - English/Welsh/Scottish/Northern Irish/British,White,Misuse of Drugs Act 1971 (section 23),Controlled drugs,Community resolution,True,False
Person search,2022-11-15T00:36:00+00:00,False,,52.416367,0.750299,Male,18-24,White - English/Welsh/Scottish/Northern Irish/British,White,Misuse of Drugs Act 1971 (section 23),Controlled drugs,A no further action disposal,False,False
Person search,2022-11-15T00:59:00+00:00,False,,52.761986,0.411065,Female,10-17,White - Any other White background,White,Police and Criminal Evidence Act 1984 (section 1),Offensive weapons,A no further action disposal,True,False
Person search,2022-11-15T01:00:00+00:00,False,,52.415205,0.744962,Male,25-34,White - Any other White background,White,Police and Criminal Evidence Act 1984 (section 1),Article for use in theft,A no further action disposal,False,False
Person search,2022-11-15T15:00:00+00:00,False,,52.626970,1.292367,Female,10-17,White - English/Welsh/Scottish/Northern Irish/British,White,Police and Criminal Evidence Act 1984 (section 1),Article for use in theft,A no further action disposal,False,False
Person search,2022-11-15T15:25:00+00:00,False,,52.612637,1.729675,Male,10-17,Other ethnic group - Not stated,White,Misuse of Drugs Act 1971 (section 23),Controlled drugs,A no further action disposal,False,False
Person search,2022-11-15T15:25:00+00:00,False,,52.612637,1.729675,Male,10-17,Other ethnic group - Not stated,White,Misuse of Drugs Act 1971 (section 23),Controlled drugs,A no further action disposal,False,False
Person search,2022-11-15T15:30:00+00:00,False,,52.675735,0.937744,Male,18-24,White - English/Welsh/Scottish/Northern Irish/British,White,Misuse of Drugs Act 1971 (section 23),Controlled drugs,Arrest,False,False
Person search,2022-11-15T18:50:00+00:00,False,,52.597492,1.222686,Male,18-24,White - English/Welsh/Scottish/Northern Irish/British,White,Misuse of Drugs Act 1971 (section 23),Controlled drugs,A no further action disposal,False,False
Person search,2022-11-15T20:20:00+00:00,False,,52.742492,0.396432,Male,10-17,Other ethnic group - Not stated,White,Police and Criminal Evidence Act 1984 (section 1),Offensive weapons,A no further action disposal,False,False
Person search,2022-11-16T00:40:00+00:00,False,,52.412852,0.756448,Female,18-24,White - English/Welsh/Scottish/Northern Irish/British,White,Police and Criminal Evidence Act 1984 (section 1),Article for use in theft,A no further action disposal,False,False
Person search,2022-11-16T00:42:00+00:00,False,,52.413431,0.753955,Male,18-24,Other ethnic group - Not stated,White,Police and Criminal Evidence Act 1984 (section 1),Article for use in theft,A no further action disposal,False,False
Person search,2022-11-16T00:45:00+00:00,False,,52.412852,0.756448,Male,25-34,Other ethnic group - Not stated,,Misuse of Drugs Act 1971 (section 23),Controlled drugs,A no further action disposal,False,False
Person search,2022-11-16T01:00:00+00:00,False,,52.634031,1.231980,Male,18-24,White - English/Welsh/Scottish/Northern Irish/British,White,Police and Criminal Evidence Act 1984 (section 1),Articles for use in criminal damage,A no further action disposal,False,False
Person search,2022-11-16T01:00:00+00:00,False,,52.413786,0.747903,Female,over 34,White - Any other White background,White,Misuse of Drugs Act 1971 (section 23),Controlled drugs,A no further action disposal,False,False
Person search,2022-11-16T01:00:00+00:00,False,,52.414274,0.747125,Male,over 34,Asian/Asian British - Any other Asian background,Asian,Misuse of Drugs Act 1971 (section 23),Controlled drugs,A no further action disposal,False,False
Person search,2022-11-16T01:01:00+00:00,False,,52.414274,0.747125,Male,25-34,Other ethnic group - Not stated,White,Misuse of Drugs Act 1971 (section 23),Controlled drugs,A no further action disposal,False,False
Person search,2022-11-16T03:07:00+00:00,False,,52.656406,1.151270,Male,over 34,White - English/Welsh/Scottish/Northern Irish/British,White,Misuse of Drugs Act 1971 (section 23),Controlled drugs,Arrest,True,False
Person search,2022-11-16T04:42:00+00:00,False,,52.412927,0.754365,Male,18-24,Black/African/Caribbean/Black British - Caribbean,Black,Police and Criminal Evidence Act 1984 (section 1),Article for use in theft,A no further action disposal,False,False
Person search,2022-11-16T15:25:00+00:00,False,,52.656538,1.289901,Male,25-34,White - English/Welsh/Scottish/Northern Irish/British,White,Misuse of Drugs Act 1971 (section 23),Controlled drugs,Arrest,False,False
Person search,2022-11-16T18:10:00+00:00,False,,52.680775,0.941590,Female,over 34,White - English/Welsh/Scottish/Northern Irish/British,White,Misuse of Drugs Act 1971 (section 23),Controlled drugs,A no further action disposal,False,False
Person search,2022-11-16T18:22:00+00:00,False,,,,Female,10-17,White - English/Welsh/Scottish/Northern Irish/British,White,Police and Criminal Evidence Act 1984 (section 1),Article for use in theft,A no further action disposal,True,False
Person search,2022-11-16T19:18:00+00:00,False,,52.597492,1.222686,Male,over 34,Other ethnic group - Not stated,Other,Police and Criminal Evidence Act 1984 (section 1),Article for use in theft,A no further action disposal,True,False
Person search,2022-11-16T20:05:00+00:00,False,,52.606997,1.228333,Male,over 34,Other ethnic group - Not stated,Other,Police and Criminal Evidence Act 1984 (section 1),Article for use in theft,A no further action disposal,True,False
Person search,2022-11-17T03:05:00+00:00,False,,52.764479,0.426367,Male,18-24,White - English/Welsh/Scottish/Northern Irish/British,White,Misuse of Drugs Act 1971 (section 23),Controlled drugs,A no further action disposal,False,False
Person search,2022-11-17T19:30:00+00:00,False,,52.628037,1.300561,Male,25-34,Other ethnic group - Not stated,White,Misuse of Drugs Act 1971 (section 23),Controlled drugs,Arrest,True,False
Person search,2022-11-17T21:19:00+00:00,False,,52.662052,0.164791,Male,18-24,White - Any other White background,White,Misuse of Drugs Act 1971 (section 23),Controlled drugs,Summons / charged by post,True,False
Person search,2022-11-17T21:35:00+00:00,False,,52.416367,0.750299,Male,25-34,White - Any other White background,White,Misuse of Drugs Act 1971 (section 23),Controlled drugs,A no further action disposal,False,False
Person search,2022-11-17T22:55:00+00:00,False,,52.659947,0.163341,Male,over 34,White - Any other White background,White,Misuse of Drugs Act 1971 (section 23),Controlled drugs,Arrest,True,True
Person search,2022-11-18T08:18:00+00:00,False,,52.749997,0.425340,Male,over 34,Asian/Asian British - Any other Asian background,Asian,Police and Criminal Evidence Act 1984 (section 1),Article for use in theft,A no further action disposal,False,False
Person search,2022-11-18T19:30:00+00:00,False,,52.608800,0.369302,Male,25-34,White - English/Welsh/Scottish/Northern Irish/British,White,Misuse of Drugs Act 1971 (section 23),Controlled drugs,Arrest,False,False
Person search,2022-11-18T19:30:00+00:00,False,,52.682486,0.935327,Male,over 34,White - Any other White background,White,Misuse of Drugs Act 1971 (section 23),Controlled drugs,A no further action disposal,False,True
Person search,2022-11-18T19:45:00+00:00,False,,,,Male,25-34,White - Any other White background,White,Misuse of Drugs Act 1971 (section 23),Controlled drugs,A no further action disposal,False,False
Person search,2022-11-18T20:05:00+00:00,False,,52.605480,1.716153,Male,10-17,White - Any other White background,White,Police and Criminal Evidence Act 1984 (section 1),Article for use in theft,A no further action disposal,False,False
Person search,2022-11-18T20:28:00+00:00,False,,52.906499,1.087848,Male,18-24,White - English/Welsh/Scottish/Northern Irish/British,White,Misuse of Drugs Act 1971 (section 23),Controlled drugs,A no further action disposal,True,False
Person search,2022-11-18T20:30:00+00:00,False,,52.675768,0.925881,Male,25-34,White - English/Welsh/Scottish/Northern Irish/British,White,Misuse of Drugs Act 1971 (section 23),Controlled drugs,A no further action disposal,False,False
Person search,2022-11-18T21:15:00+00:00,False,,52.681622,0.941158,Male,over 34,White - English/Welsh/Scottish/Northern Irish/British,White,Misuse of Drugs Act 1971 (section 23),Controlled drugs,A no further action disposal,False,False
Person search,2022-11-18T22:51:00+00:00,False,,52.752590,0.435265,Male,10-17,White - English/Welsh/Scottish/Northern Irish/British,White,Misuse of Drugs Act 1971 (section 23),Controlled drugs,A no further action disposal,True,False
Person search,2022-11-18T22:51:00+00:00,False,,52.752590,0.435265,Male,10-17,White - English/Welsh/Scottish/Northern Irish/British,White,Misuse of Drugs Act 1971 (section 23),Controlled drugs,A no further action disposal,True,False
Person search,2022-11-18T22:51:00+00:00,False,,52.752590,0.435265,Male,10-17,White - English/Welsh/Scottish/Northern Irish/British,White,Misuse of Drugs Act 1971 (section 23),Controlled drugs,A no further action disposal,True,False
Person search,2022-11-18T23:50:00+00:00,False,,52.756424,0.421458,Male,18-24,White - English/Welsh/Scottish/Northern Irish/British,White,Misuse of Drugs Act 1971 (section 23),Controlled drugs,Arrest,True,False
Person search,2022-11-19T12:40:00+00:00,False,,52.750051,0.407234,Male,18-24,White - English/Welsh/Scottish/Northern Irish/British,White,Misuse of Drugs Act 1971 (section 23),Controlled drugs,Community resolution,True,False
Person search,2022-11-19T12:48:00+00:00,False,,52.750051,0.407234,Male,18-24,White - English/Welsh/Scottish/Northern Irish/British,White,Misuse of Drugs Act 1971 (section 23),Article for use in theft,A no further action disposal,False,False
Person search,2022-11-19T12:55:00+00:00,False,,52.750197,0.397803,Male,over 34,White - English/Welsh/Scottish/Northern Irish/British,White,Misuse of Drugs Act 1971 (section 23),Controlled drugs,A no further action disposal,False,False
Person search,2022-11-19T14:24:00+00:00,False,,52.754104,0.395780,Female,10-17,White - English/Welsh/Scottish/Northern Irish/British,White,Police and Criminal Evidence Act 1984 (section 1),Stolen goods,Community resolution,True,False
Person search,2022-11-19T14:30:00+00:00,False,,52.751891,0.399408,Male,10-17,White - English/Welsh/Scottish/Northern Irish/British,White,Misuse of Drugs Act 1971 (section 23),Controlled drugs,A no further action disposal,False,False
Person search,2022-11-19T14:30:00+00:00,False,,52.751891,0.399408,Male,10-17,White - English/Welsh/Scottish/Northern Irish/British,White,Misuse of Drugs Act 1971 (section 23),Controlled drugs,A no further action disposal,False,False
Person search,2022-11-19T14:30:00+00:00,False,,52.751891,0.399408,Male,10-17,White - English/Welsh/Scottish/Northern Irish/British,White,Misuse of Drugs Act 1971 (section 23),Controlled drugs,Community resolution,True,False
Person search,2022-11-19T14:37:00+00:00,False,,52.754104,0.395780,Female,10-17,White - English/Welsh/Scottish/Northern Irish/British,White,Police and Criminal Evidence Act 1984 (section 1),Stolen goods,Community resolution,True,False
Person search,2022-11-19T15:15:00+00:00,False,,52.749614,0.403506,Male,18-24,White - English/Welsh/Scottish/Northern Irish/British,White,Misuse of Drugs Act 1971 (section 23),Controlled drugs,A no further action disposal,True,False
Person search,2022-11-19T17:00:00+00:00,False,,52.820209,1.387073,Male,over 34,White - English/Welsh/Scottish/Northern Irish/British,White,Police and Criminal Evidence Act 1984 (section 1),Article for use in theft,A no further action disposal,False,False
Person search,2022-11-19T17:00:00+00:00,False,,52.404462,0.737869,Male,10-17,White - Any other White background,White,Police and Criminal Evidence Act 1984 (section 1),Offensive weapons,A no further action disposal,False,False
Person search,2022-11-19T18:20:00+00:00,False,,52.944350,1.211579,Male,10-17,White - Any other White background,White,Misuse of Drugs Act 1971 (section 23),Controlled drugs,A no further action disposal,False,False
Person search,2022-11-19T19:26:00+00:00,False,,52.663390,0.166839,Male,over 34,White - English/Welsh/Scottish/Northern Irish/British,White,Misuse of Drugs Act 1971 (section 23),Controlled drugs,A no further action disposal,False,False
Person search,2022-11-19T19:48:00+00:00,False,,52.611133,1.263446,Male,over 34,White - English/Welsh/Scottish/Northern Irish/British,White,Misuse of Drugs Act 1971 (section 23),Controlled drugs,Arrest,False,False
Person search,2022-11-19T19:54:00+00:00,False,,52.610955,1.257818,Male,over 34,Black/African/Caribbean/Black British - Any other Black/African/Caribbean background,Black,Misuse of Drugs Act 1971 (section 23),Controlled drugs,Arrest,False,False
Person search,2022-11-19T21:10:00+00:00,False,,52.610704,1.722787,Male,over 34,White - English/Welsh/Scottish/Northern Irish/British,White,Police and Criminal Evidence Act 1984 (section 1),Stolen goods,A no further action disposal,False,False
Person search,2022-11-19T21:13:00+00:00,False,,52.610704,1.722787,Female,over 34,White - English/Welsh/Scottish/Northern Irish/British,White,Police and Criminal Evidence Act 1984 (section 1),Article for use in theft,A no further action disposal,False,False
Person search,2022-11-19T21:22:00+00:00,False,,52.610704,1.722787,Male,25-34,White - Any other White background,White,Police and Criminal Evidence Act 1984 (section 1),Article for use in theft,Community resolution,True,False
Person search,2022-11-19T22:40:00+00:00,False,,52.624306,1.295019,Male,,Other ethnic group - Not stated,White,Police and Criminal Evidence Act 1984 (section 1),Stolen goods,A no further action disposal,False,False
Person search,2022-11-19T22:40:00+00:00,False,,52.624306,1.295019,Male,18-24,Other ethnic group - Not stated,White,Police and Criminal Evidence Act 1984 (section 1),Stolen goods,A no further action disposal,False,False
Person search,2022-11-19T23:53:00+00:00,False,,52.628969,1.302627,Male,over 34,White - Any other White background,White,Misuse of Drugs Act 1971 (section 23),Controlled drugs,A no further action disposal,True,False
Person search,2022-11-20T14:57:00+00:00,False,,52.635616,1.307740,Male,18-24,White - English/Welsh/Scottish/Northern Irish/British,White,Misuse of Drugs Act 1971 (section 23),Controlled drugs,Community resolution,True,False
Person search,2022-11-20T15:00:00+00:00,False,,52.794300,0.471890,Male,over 34,White - Any other White background,Other,Misuse of Drugs Act 1971 (section 23),Controlled drugs,Arrest,True,False
Person search,2022-11-20T15:10:00+00:00,False,,52.734599,0.417152,Male,18-24,Other ethnic group - Not stated,White,Misuse of Drugs Act 1971 (section 23),Controlled drugs,Arrest,True,False
Person search,2022-11-20T15:11:00+00:00,False,,52.635616,1.307740,Male,18-24,White - English/Welsh/Scottish/Northern Irish/British,White,Misuse of Drugs Act 1971 (section 23),Controlled drugs,Summons / charged by post,True,False
Person search,2022-11-20T19:12:00+00:00,False,,52.743472,0.400456,Other,25-34,Other ethnic group - Not stated,Asian,Misuse of Drugs Act 1971 (section 23),Controlled drugs,A no further action disposal,False,False
Person search,2022-11-20T19:59:00+00:00,False,,52.586727,1.143415,Male,25-34,White - English/Welsh/Scottish/Northern Irish/British,White,Misuse of Drugs Act 1971 (section 23),Controlled drugs,A no further action disposal,False,True
Person search,2022-11-20T20:30:00+00:00,False,,52.746119,0.400691,Male,over 34,White - Any other White background,White,Misuse of Drugs Act 1971 (section 23),Controlled drugs,A no further action disposal,False,False
Person search,2022-11-20T20:51:00+00:00,True,,52.725277,0.414415,Male,18-24,White - English/Welsh/Scottish/Northern Irish/British,White,Police and Criminal Evidence Act 1984 (section 1),Offensive weapons,Arrest,True,False
Person search,2022-11-20T21:00:00+00:00,False,,52.586727,1.143415,Male,25-34,Other ethnic group - Not stated,Asian,Misuse of Drugs Act 1971 (section 23),Controlled drugs,A no further action disposal,False,True
Person search,2022-11-21T00:20:00+00:00,False,,52.414284,0.750184,Male,,White - Any other White background,White,Police and Criminal Evidence Act 1984 (section 1),Stolen goods,A no further action disposal,False,False
Person search,2022-11-21T10:00:00+00:00,False,,52.683070,0.943668,Male,over 34,White - Any other White background,White,Police and Criminal Evidence Act 1984 (section 1),Article for use in theft,A no further action disposal,False,False
Person search,2022-11-21T14:15:00+00:00,False,,52.687852,0.931055,Female,18-24,White - English/Welsh/Scottish/Northern Irish/British,White,Misuse of Drugs Act 1971 (section 23),Offensive weapons,Community resolution,True,False
Person search,2022-11-21T20:36:00+00:00,False,,52.647152,1.282646,Female,18-24,Other ethnic group - Not stated,White,Police and Criminal Evidence Act 1984 (section 1),Offensive weapons,Arrest,False,False
Person search,2022-11-22T05:14:00+00:00,False,,,,Male,25-34,White - Any other White background,White,Police and Criminal Evidence Act 1984 (section 1),Article for use in theft,A no further action disposal,False,False
Person search,2022-11-22T08:30:00+00:00,False,,,,Male,25-34,White - Any other White background,White,Police and Criminal Evidence Act 1984 (section 1),Article for use in theft,A no further action disposal,False,False
Person search,2022-11-22T08:30:00+00:00,False,,,,Male,25-34,White - Any other White background,White,Police and Criminal Evidence Act 1984 (section 1),Article for use in theft,A no further action disposal,False,False
Person search,2022-11-22T11:30:00+00:00,False,,52.404462,0.737869,Male,18-24,Mixed/Multiple ethnic groups - Any other Mixed/Multiple ethnic background,Black,Misuse of Drugs Act 1971 (section 23),Controlled drugs,A no further action disposal,False,False
Person search,2022-11-22T14:05:00+00:00,False,,52.420246,0.729611,Male,18-24,White - Any other White background,White,Misuse of Drugs Act 1971 (section 23),Controlled drugs,A no further action disposal,False,False
Person search,2022-11-22T14:13:00+00:00,False,,52.421293,0.732955,Male,10-17,White - English/Welsh/Scottish/Northern Irish/British,White,Misuse of Drugs Act 1971 (section 23),Controlled drugs,A no further action disposal,False,False
Person search,2022-11-22T14:15:00+00:00,False,,52.575292,1.284413,Male,25-34,White - English/Welsh/Scottish/Northern Irish/British,White,Misuse of Drugs Act 1971 (section 23),Controlled drugs,A no further action disposal,False,False
Person search,2022-11-23T08:15:00+00:00,False,,52.552973,0.861077,Female,25-34,White - English/Welsh/Scottish/Northern Irish/British,White,Misuse of Drugs Act 1971 (section 23),Controlled drugs,A no further action disposal,False,True
Person search,2022-11-23T09:00:00+00:00,False,,52.680533,0.937179,Male,over 34,Other ethnic group - Not stated,Other,Misuse of Drugs Act 1971 (section 23),Controlled drugs,A no further action disposal,True,False
Person search,2022-11-23T11:24:00+00:00,False,,52.751891,0.399408,Female,over 34,White - English/Welsh/Scottish/Northern Irish/British,White,Misuse of Drugs Act 1971 (section 23),Controlled drugs,A no further action disposal,False,True
Person search,2022-11-23T13:30:00+00:00,False,,,,Female,10-17,White - Any other White background,White,Misuse of Drugs Act 1971 (section 23),Controlled drugs,Arrest,False,False
Person search,2022-11-23T15:20:00+00:00,False,,52.627613,1.296030,Male,over 34,White - Any other White background,White,Misuse of Drugs Act 1971 (section 23),Controlled drugs,Arrest,False,False
Person search,2022-11-23T18:23:00+00:00,False,,52.623871,1.733971,Male,10-17,White - English/Welsh/Scottish/Northern Irish/British,White,Misuse of Drugs Act 1971 (section 23),Controlled drugs,A no further action disposal,False,False
Person search,2022-11-23T18:29:00+00:00,False,,52.623871,1.733971,Male,10-17,White - Any other White background,White,Misuse of Drugs Act 1971 (section 23),Controlled drugs,A no further action disposal,False,False
Person search,2022-11-23T18:54:00+00:00,False,,52.756177,0.394234,Male,18-24,White - English/Welsh/Scottish/Northern Irish/British,White,Police and Criminal Evidence Act 1984 (section 1),Stolen goods,A no further action disposal,False,False
Person search,2022-11-23T19:00:00+00:00,False,,52.756177,0.394234,Male,25-34,White - English/Welsh/Scottish/Northern Irish/British,White,Police and Criminal Evidence Act 1984 (section 1),Stolen goods,A no further action disposal,False,False
Person search,2022-11-23T21:00:00+00:00,False,,52.518212,1.016496,Female,18-24,Other ethnic group - Not stated,White,Misuse of Drugs Act 1971 (section 23),Controlled drugs,A no further action disposal,False,False
Person search,2022-11-23T21:00:00+00:00,False,,52.518212,1.016496,Male,18-24,White - English/Welsh/Scottish/Northern Irish/British,White,Misuse of Drugs Act 1971 (section 23),Controlled drugs,A no further action disposal,False,False
Person search,2022-11-23T21:00:00+00:00,False,,52.518212,1.016496,Male,18-24,White - English/Welsh/Scottish/Northern Irish/British,White,Misuse of Drugs Act 1971 (section 23),Controlled drugs,A no further action disposal,False,False
Person search,2022-11-23T21:50:00+00:00,False,,52.840447,0.507818,Male,25-34,Asian/Asian British - Any other Asian background,Asian,Police and Criminal Evidence Act 1984 (section 1),Article for use in theft,A no further action disposal,True,False
Person search,2022-11-23T23:00:00+00:00,False,,52.636045,1.294926,Male,,White - English/Welsh/Scottish/Northern Irish/British,White,Police and Criminal Evidence Act 1984 (section 1),Offensive weapons,Arrest,False,False
Person search,2022-11-24T11:01:06+00:00,False,,52.893747,0.871111,Male,over 34,White - English/Welsh/Scottish/Northern Irish/British,White,Police and Criminal Evidence Act 1984 (section 1),Article for use in theft,A no further action disposal,False,False
Person search,2022-11-24T11:03:00+00:00,False,,52.893747,0.871111,Male,25-34,White - Any other White background,White,Police and Criminal Evidence Act 1984 (section 1),Article for use in theft,A no further action disposal,True,False
Person search,2022-11-24T11:06:00+00:00,False,,52.567434,1.719516,Male,25-34,White - English/Welsh/Scottish/Northern Irish/British,White,Misuse of Drugs Act 1971 (section 23),Controlled drugs,Arrest,False,False
Person search,2022-11-24T13:26:00+00:00,False,,52.566912,1.720963,Male,,White - English/Welsh/Scottish/Northern Irish/British,White,Misuse of Drugs Act 1971 (section 23),Controlled drugs,A no further action disposal,False,False
Person search,2022-11-24T14:01:00+00:00,False,,52.589402,1.724007,Male,25-34,White - English/Welsh/Scottish/Northern Irish/British,White,Misuse of Drugs Act 1971 (section 23),Controlled drugs,Arrest,True,False
Person search,2022-11-24T14:15:00+00:00,False,,52.648787,1.313067,Male,10-17,White - English/Welsh/Scottish/Northern Irish/British,White,Misuse of Drugs Act 1971 (section 23),Controlled drugs,A no further action disposal,True,False
Person search,2022-11-24T14:25:00+00:00,False,,52.629218,1.293674,Male,10-17,Other ethnic group - Not stated,Black,Misuse of Drugs Act 1971 (section 23),Controlled drugs,A no further action disposal,False,False
Person search,2022-11-24T14:25:00+00:00,False,,52.629218,1.293674,Male,10-17,Other ethnic group - Not stated,White,Misuse of Drugs Act 1971 (section 23),Controlled drugs,A no further action disposal,True,False
Person search,2022-11-24T14:35:00+00:00,False,,52.647785,1.317694,Female,25-34,White - English/Welsh/Scottish/Northern Irish/British,White,Misuse of Drugs Act 1971 (section 23),Controlled drugs,A no further action disposal,False,False
Person search,2022-11-24T14:45:00+00:00,False,,,,Male,25-34,Other ethnic group - Not stated,White,Misuse of Drugs Act 1971 (section 23),Controlled drugs,Caution (simple or conditional),True,False
Person search,2022-11-24T14:45:00+00:00,False,,52.647785,1.317694,Female,over 34,White - English/Welsh/Scottish/Northern Irish/British,White,Misuse of Drugs Act 1971 (section 23),Controlled drugs,A no further action disposal,False,False
Person search,2022-11-24T15:58:00+00:00,False,,52.589402,1.724007,Female,25-34,White - English/Welsh/Scottish/Northern Irish/British,White,Misuse of Drugs Act 1971 (section 23),Controlled drugs,Arrest,True,False
Person search,2022-11-24T15:58:00+00:00,False,,52.589402,1.724007,Male,25-34,White - English/Welsh/Scottish/Northern Irish/British,White,Misuse of Drugs Act 1971 (section 23),Controlled drugs,Arrest,True,False
Person search,2022-11-24T16:26:00+00:00,False,,52.659064,1.290594,Male,18-24,White - English/Welsh/Scottish/Northern Irish/British,White,Misuse of Drugs Act 1971 (section 23),Controlled drugs,A no further action disposal,False,False
Person search,2022-11-24T20:41:00+00:00,False,,52.684108,0.192159,Male,18-24,White - Any other White background,White,Misuse of Drugs Act 1971 (section 23),Controlled drugs,Community resolution,True,False
Person search,2022-11-25T01:47:00+00:00,False,,52.622753,1.311675,Female,10-17,White - Any other White background,White,Police and Criminal Evidence Act 1984 (section 1),Article for use in theft,A no further action disposal,True,False
Person search,2022-11-25T05:45:00+00:00,False,,52.464735,0.819924,Male,18-24,Other ethnic group - Not stated,Asian,Misuse of Drugs Act 1971 (section 23),Controlled drugs,A no further action disposal,False,False
Person search,2022-11-25T13:05:00+00:00,False,,52.756327,0.410683,Male,25-34,White - Irish,White,Police and Criminal Evidence Act 1984 (section 1),Offensive weapons,Arrest,False,False
Person search,2022-11-25T14:15:00+00:00,False,,52.627196,1.351622,Male,10-17,White - English/Welsh/Scottish/Northern Irish/British,White,Misuse of Drugs Act 1971 (section 23),Controlled drugs,A no further action disposal,False,False
Person search,2022-11-25T14:15:00+00:00,False,,52.626806,1.332954,Male,10-17,White - English/Welsh/Scottish/Northern Irish/British,White,Misuse of Drugs Act 1971 (section 23),Controlled drugs,A no further action disposal,False,False
Person search,2022-11-25T14:30:00+00:00,False,,52.627196,1.351622,Male,10-17,White - Any other White background,White,Misuse of Drugs Act 1971 (section 23),Controlled drugs,A no further action disposal,False,False
Person search,2022-11-25T15:34:00+00:00,False,,52.403629,0.734612,Male,25-34,Other ethnic group - Not stated,White,Misuse of Drugs Act 1971 (section 23),Controlled drugs,Community resolution,True,False
Person search,2022-11-25T17:20:00+00:00,False,,52.578740,1.134325,Male,over 34,White - Any other White background,White,Misuse of Drugs Act 1971 (section 23),Controlled drugs,A no further action disposal,True,False
Person search,2022-11-25T22:34:00+00:00,False,,52.748813,0.940171,Male,18-24,White - English/Welsh/Scottish/Northern Irish/British,White,Misuse of Drugs Act 1971 (section 23),Controlled drugs,A no further action disposal,False,False
Person search,2022-11-25T23:10:00+00:00,False,,52.830046,0.847531,Male,25-34,White - English/Welsh/Scottish/Northern Irish/British,White,Misuse of Drugs Act 1971 (section 23),Controlled drugs,Arrest,True,False
Person search,2022-11-26T00:35:00+00:00,False,,52.757652,0.416383,Male,10-17,White - English/Welsh/Scottish/Northern Irish/British,White,Police and Criminal Evidence Act 1984 (section 1),Offensive weapons,A no further action disposal,False,False
Person search,2022-11-26T00:39:00+00:00,False,,52.757652,0.416383,Male,10-17,White - English/Welsh/Scottish/Northern Irish/British,White,Police and Criminal Evidence Act 1984 (section 1),Offensive weapons,A no further action disposal,False,False
Person search,2022-11-26T01:17:00+00:00,False,,52.755292,0.397950,Male,18-24,White - English/Welsh/Scottish/Northern Irish/British,White,Misuse of Drugs Act 1971 (section 23),Controlled drugs,A no further action disposal,False,False
Person search,2022-11-26T02:13:24+00:00,False,,52.755475,0.398286,Male,18-24,White - Any other White background,White,Misuse of Drugs Act 1971 (section 23),Controlled drugs,A no further action disposal,False,False
Person search,2022-11-26T12:46:00+00:00,False,,52.694097,0.417784,Male,over 34,White - English/Welsh/Scottish/Northern Irish/British,White,Police and Criminal Evidence Act 1984 (section 1),Article for use in theft,Community resolution,False,False
Person search,2022-11-26T15:18:00+00:00,False,,52.840447,0.507818,Male,25-34,Other ethnic group - Not stated,Other,Police and Criminal Evidence Act 1984 (section 1),Offensive weapons,A no further action disposal,False,False
Person search,2022-11-26T16:45:00+00:00,False,,52.754104,0.395780,Male,over 34,Other ethnic group - Not stated,Asian,Police and Criminal Evidence Act 1984 (section 1),Article for use in theft,A no further action disposal,False,False
Person search,2022-11-26T17:45:00+00:00,False,,52.821118,1.385793,Female,10-17,White - English/Welsh/Scottish/Northern Irish/British,White,Misuse of Drugs Act 1971 (section 23),Controlled drugs,A no further action disposal,False,False
Person search,2022-11-26T18:45:00+00:00,False,,52.545895,0.577467,Male,over 34,White - English/Welsh/Scottish/Northern Irish/British,White,Misuse of Drugs Act 1971 (section 23),Controlled drugs,Arrest,True,False
Person search,2022-11-26T19:33:00+00:00,False,,52.821222,1.387494,Male,18-24,White - English/Welsh/Scottish/Northern Irish/British,White,Misuse of Drugs Act 1971 (section 23),Controlled drugs,A no further action disposal,True,False
Person search,2022-11-26T22:02:00+00:00,False,,52.629883,1.314638,Male,18-24,Black/African/Caribbean/Black British - African,Black,Police and Criminal Evidence Act 1984 (section 1),Offensive weapons,A no further action disposal,False,False
Person search,2022-11-27T00:50:00+00:00,False,,52.414284,0.750184,Male,over 34,White - Any other White background,White,Police and Criminal Evidence Act 1984 (section 1),Article for use in theft,A no further action disposal,False,False
Person search,2022-11-27T15:15:00+00:00,False,,,,Male,10-17,White - English/Welsh/Scottish/Northern Irish/British,White,Misuse of Drugs Act 1971 (section 23),Controlled drugs,A no further action disposal,True,False
Person search,2022-11-27T21:18:00+00:00,True,,52.665590,0.155176,Male,18-24,White - English/Welsh/Scottish/Northern Irish/British,White,Misuse of Drugs Act 1971 (section 23),Controlled drugs,Arrest,True,False
Person search,2022-11-27T21:18:00+00:00,True,,52.665590,0.155176,Male,18-24,White - English/Welsh/Scottish/Northern Irish/British,White,Misuse of Drugs Act 1971 (section 23),Controlled drugs,Community resolution,True,False
Person search,2022-11-27T23:05:00+00:00,False,,52.603139,1.737081,Male,25-34,White - Any other White background,White,Police and Criminal Evidence Act 1984 (section 1),Offensive weapons,A no further action disposal,False,False
Person search,2022-11-28T12:30:00+00:00,False,,52.605485,1.280354,Male,10-17,White - Any other White background,White,Misuse of Drugs Act 1971 (section 23),Controlled drugs,A no further action disposal,False,False
Person search,2022-11-28T12:30:00+00:00,False,,52.605485,1.280354,Male,10-17,White - English/Welsh/Scottish/Northern Irish/British,White,Misuse of Drugs Act 1971 (section 23),Controlled drugs,A no further action disposal,False,False
Person search,2022-11-28T18:00:00+00:00,False,,52.376782,1.111251,Male,10-17,White - English/Welsh/Scottish/Northern Irish/British,White,Police and Criminal Evidence Act 1984 (section 1),Offensive weapons,Arrest,False,False
Person search,2022-11-28T21:10:00+00:00,False,,54.938515,-3.244005,Male,18-24,White - Any other White background,White,Police and Criminal Evidence Act 1984 (section 1),Article for use in theft,A no further action disposal,False,False
Person search,2022-11-28T21:10:00+00:00,False,,54.938515,-3.244005,Male,18-24,White - Any other White background,White,Police and Criminal Evidence Act 1984 (section 1),Article for use in theft,A no further action disposal,False,False
Person search,2022-11-28T21:51:00+00:00,False,,52.549028,1.212670,Male,over 34,White - English/Welsh/Scottish/Northern Irish/British,White,Police and Criminal Evidence Act 1984 (section 1),Article for use in theft,Arrest,False,False
Person search,2022-11-29T00:58:00+00:00,False,,52.618729,0.229827,Female,10-17,Other ethnic group - Any other ethnic group,Other,Police and Criminal Evidence Act 1984 (section 1),Article for use in theft,A no further action disposal,False,False
Person search,2022-11-29T12:30:00+00:00,False,,,,Male,25-34,Other ethnic group - Not stated,White,Misuse of Drugs Act 1971 (section 23),Controlled drugs,A no further action disposal,True,False
Person search,2022-11-29T12:40:00+00:00,False,,52.415843,0.754296,Male,over 34,White - Any other White background,White,Misuse of Drugs Act 1971 (section 23),Controlled drugs,Arrest,True,False
Person search,2022-11-29T14:15:00+00:00,False,,52.668227,1.290632,Male,18-24,White - English/Welsh/Scottish/Northern Irish/British,White,Misuse of Drugs Act 1971 (section 23),Controlled drugs,Arrest,True,False
Person search,2022-11-29T20:00:00+00:00,False,,52.934159,0.487653,Male,10-17,White - English/Welsh/Scottish/Northern Irish/British,White,Misuse of Drugs Act 1971 (section 23),Controlled drugs,Community resolution,True,False
Person search,2022-11-30T00:29:00+00:00,False,,52.603725,1.294832,Male,25-34,Black/African/Caribbean/Black British - Caribbean,Black,Misuse of Drugs Act 1971 (section 23),Controlled drugs,Arrest,True,False
Person search,2022-11-30T10:15:00+00:00,False,,52.417798,0.736313,Male,18-24,Other ethnic group - Not stated,White,Misuse of Drugs Act 1971 (section 23),Controlled drugs,A no further action disposal,False,False
Person search,2022-11-30T14:00:00+00:00,False,,52.647941,0.687357,Male,over 34,White - Any other White background,White,Misuse of Drugs Act 1971 (section 23),Controlled drugs,A no further action disposal,False,False
